time	V(n_load)	V(ng)	V(nsw)
0.000000000000000e+00	5.444825772023022e+00	0.000000000000000e+00	-6.999800843746961e-01
1.421533833202958e-10	5.381495137909535e+00	7.107669165986389e-01	-6.977426276171877e-01
2.843067666405917e-10	5.318113068261180e+00	1.421533833198703e+00	-6.933672930673133e-01
4.264601499608875e-10	5.254679563077958e+00	2.132300749800192e+00	-6.868540807250725e-01
5.686135332811833e-10	5.191194622359870e+00	2.843067666403105e+00	-6.782029905904655e-01
7.107669166014792e-10	5.127658246106913e+00	3.553834583007444e+00	-6.674140226634924e-01
8.529202999217750e-10	5.064070434319090e+00	4.264601499613208e+00	-6.544871769441528e-01
9.950736832420705e-10	5.000431186996400e+00	4.975368416220395e+00	-6.394224534324472e-01
1.142566308614244e-09	4.934375490705078e+00	5.000000000000000e+00	-6.215746044249061e-01
1.480955345332806e-09	4.782563701818293e+00	5.000000000000000e+00	-5.719583152785062e-01
1.819344382051369e-09	4.630768800327446e+00	5.000000000000000e+00	-5.103009568926694e-01
2.157733418769932e-09	4.478990786232536e+00	5.000000000000000e+00	-4.366025292673958e-01
2.496122455488495e-09	4.327229659533563e+00	5.000000000000000e+00	-3.508630324026853e-01
2.834511492207057e-09	4.175485420230527e+00	5.000000000000000e+00	-2.530824662985381e-01
3.172900528925620e-09	4.023758068323429e+00	5.000000000000000e+00	-1.432608309549538e-01
3.511289565644182e-09	3.872047603812267e+00	5.000000000000000e+00	-2.139812637193293e-02
3.519283572078715e-09	3.868468926741155e+00	5.000000000000000e+00	-1.839435932513702e-02
3.527277578513249e-09	3.864890340898250e+00	5.000000000000000e+00	-1.538529269110416e-02
3.535271584947783e-09	3.861311846283555e+00	5.000000000000000e+00	-1.237092646983467e-02
3.543265591382316e-09	3.857733442897067e+00	5.000000000000000e+00	-9.351260661328390e-03
3.551259597816850e-09	3.854155130738787e+00	5.000000000000000e+00	-6.326295265585324e-03
3.559253604251384e-09	3.850576909808716e+00	5.000000000000000e+00	-3.296030282605309e-03
3.567247610685917e-09	3.846998780106853e+00	5.000000000000000e+00	-2.604657123885801e-04
3.568846703092530e-09	3.846283037078898e+00	5.000000000000000e+00	3.475081228292431e-04
3.568869680717921e-09	3.846272752408701e+00	5.000000000000000e+00	3.515587897385819e-04
3.569007546477040e-09	3.846211044376833e+00	5.000000000000000e+00	3.744344796596799e-04
3.569161085157833e-09	3.846142321203133e+00	5.000000000000000e+00	3.974217083169140e-04
3.569351914193078e-09	3.846056907015147e+00	5.000000000000000e+00	4.231481630896927e-04
3.569556881360177e-09	3.845965164629204e+00	5.000000000000000e+00	4.478485020409928e-04
3.569798693809961e-09	3.845856930402235e+00	5.000000000000000e+00	4.734099559954297e-04
3.570035079475506e-09	3.845751125128455e+00	5.000000000000000e+00	4.953899361205827e-04
3.570289081915247e-09	3.845637434591671e+00	5.000000000000000e+00	5.159810908101914e-04
3.570577651959301e-09	3.845508271636124e+00	5.000000000000000e+00	5.360278637899230e-04
3.570925262402064e-09	3.845352682271692e+00	5.000000000000000e+00	5.561347813584638e-04
3.571275444220015e-09	3.845195941825455e+00	5.000000000000000e+00	5.729814831288704e-04
3.571677971806744e-09	3.845015771368244e+00	5.000000000000000e+00	5.886947686992577e-04
3.572163353845667e-09	3.844798515157536e+00	5.000000000000000e+00	6.034991742105839e-04
3.572680682111667e-09	3.844566959542583e+00	5.000000000000000e+00	6.156577023559637e-04
3.573362762798900e-09	3.844261660332078e+00	5.000000000000000e+00	6.271790333764460e-04
3.574030045590151e-09	3.843962984100032e+00	5.000000000000000e+00	6.353389252848583e-04
3.574909824160296e-09	3.843569193631010e+00	5.000000000000000e+00	6.425161039180054e-04
3.576020071803087e-09	3.843072243213462e+00	5.000000000000000e+00	6.481042360572415e-04
3.577507152233942e-09	3.842406618390020e+00	5.000000000000000e+00	6.522474854163043e-04
3.579535062740833e-09	3.841498909949089e+00	5.000000000000000e+00	6.550421509518641e-04
3.582760456217440e-09	3.840055185450626e+00	5.000000000000000e+00	6.569709466760078e-04
3.588247102219607e-09	3.837599258664359e+00	5.000000000000000e+00	6.585111730942112e-04
3.599220394223939e-09	3.832687250836429e+00	5.000000000000000e+00	6.606462093918997e-04
3.621166978225827e-09	3.822862624387333e+00	5.000000000000000e+00	6.646410706861617e-04
3.665060146236380e-09	3.803210978291918e+00	5.000000000000000e+00	6.725901091071230e-04
4.781790024028126e-09	3.300573945248714e+00	5.000000000000000e+00	8.758521646162714e-04
5.898519901819873e-09	2.799268992083370e+00	5.000000000000000e+00	1.078581835511496e-03
7.015249779611620e-09	2.299296118795886e+00	5.000000000000000e+00	1.280779121792798e-03
8.131979657403366e-09	1.800655325386263e+00	5.000000000000000e+00	1.482444023460176e-03
9.248709535195113e-09	1.303346611854501e+00	5.000000000000000e+00	1.683576540513631e-03
1.036543941298686e-08	8.073699782005983e-01	5.000000000000000e+00	1.884176672953162e-03
1.148216929077860e-08	3.127254244245583e-01	5.000000000000000e+00	2.084244420778769e-03
1.177715454151617e-08	1.832002132995968e-01	5.000000000000000e+00	2.136638330669541e-03
1.207213979225374e-08	5.400684183833215e-02	5.000000000000000e+00	2.188899534179055e-03
1.236712504299131e-08	-7.485468995923572e-02	5.000000000000000e+00	2.241028031307309e-03
1.266211029372888e-08	-2.033843820931069e-01	5.000000000000000e+00	2.293023822054304e-03
1.295709554446645e-08	-3.315822345632812e-01	5.000000000000000e+00	2.344886906420041e-03
1.325208079520402e-08	-4.594482473697588e-01	5.000000000000000e+00	2.396617284404518e-03
1.354706604594159e-08	-5.869824205125396e-01	5.000000000000000e+00	2.448214956007736e-03
1.488503486178676e-08	-1.163181794689981e+00	5.000000000000000e+00	2.681343980069846e-03
1.622300367763193e-08	-1.727449845645427e+00	5.000000000000000e+00	2.909701006069549e-03
1.756097249347709e-08	-2.279786573378876e+00	5.000000000000000e+00	3.133286034006845e-03
1.889894130932226e-08	-2.820191977890330e+00	5.000000000000000e+00	3.352099063881734e-03
2.023691012516742e-08	-3.348666059179788e+00	5.000000000000000e+00	3.566140095694215e-03
2.157487894101259e-08	-3.865208817247250e+00	5.000000000000000e+00	3.775409129444291e-03
2.291284775685776e-08	-4.369820252092715e+00	5.000000000000000e+00	3.979906165131959e-03
2.522005382512540e-08	-5.206884042424160e+00	5.000000000000000e+00	4.319306921049757e-03
2.752725989339304e-08	-5.983222488248657e+00	5.000000000000000e+00	4.634418447307509e-03
2.983446596166069e-08	-6.698835589566204e+00	5.000000000000000e+00	4.925240743905214e-03
3.214167202992833e-08	-7.353723346376803e+00	5.000000000000000e+00	5.191773810842873e-03
3.444887809819597e-08	-7.947885758680454e+00	5.000000000000000e+00	5.434017648120485e-03
3.675608416646362e-08	-8.481322826477156e+00	5.000000000000000e+00	5.651972255738049e-03
3.906329023473126e-08	-8.954034549766908e+00	5.000000000000000e+00	5.845637633695567e-03
4.061196280110326e-08	-9.227273149741503e+00	5.000000000000000e+00	5.958007902740666e-03
4.216063536747526e-08	-9.467977808443138e+00	5.000000000000000e+00	6.057364633716275e-03
4.370930793384726e-08	-9.676148525871810e+00	5.000000000000000e+00	6.143707826622392e-03
4.525798050021927e-08	-9.851785302027521e+00	5.000000000000000e+00	6.217037481459018e-03
4.680665306659127e-08	-9.994888136910271e+00	5.000000000000000e+00	6.277353598226155e-03
4.835532563296327e-08	-1.010545703052006e+01	5.000000000000000e+00	6.324656176923799e-03
4.990399819933527e-08	-1.018349198285689e+01	5.000000000000000e+00	6.358945217551953e-03
5.042022238812529e-08	-1.020218147890723e+01	5.000000000000000e+00	6.367445982322165e-03
5.093644657691532e-08	-1.021730148588329e+01	5.000000000000000e+00	6.374518934340911e-03
5.145267076570534e-08	-1.022885200378509e+01	5.000000000000000e+00	6.380164073608190e-03
5.196889495449536e-08	-1.023683303261261e+01	5.000000000000000e+00	6.384381400124001e-03
5.248511914328538e-08	-1.024124457236585e+01	5.000000000000000e+00	6.387170913888346e-03
5.300134333207540e-08	-1.024208662304483e+01	5.000000000000000e+00	6.388532614901224e-03
5.351756752086542e-08	-1.023935918464953e+01	5.000000000000000e+00	6.388466503162635e-03
5.432877696039398e-08	-1.022780710558027e+01	5.000000000000000e+00	6.385456133508824e-03
5.513998639992254e-08	-1.020784028164952e+01	5.000000000000000e+00	6.379079792706090e-03
5.595119583945110e-08	-1.017945871285728e+01	5.000000000000000e+00	6.369337480754433e-03
5.676240527897966e-08	-1.014266239920355e+01	5.000000000000000e+00	6.356229197653854e-03
5.757361471850822e-08	-1.009745134068833e+01	5.000000000000000e+00	6.339754943404352e-03
5.838482415803679e-08	-1.004382553731161e+01	5.000000000000000e+00	6.319914718005927e-03
5.919603359756534e-08	-9.981784989073407e+00	5.000000000000000e+00	6.296708521458579e-03
5.941727253561683e-08	-9.963521435151916e+00	5.000000000000000e+00	6.289842177973859e-03
6.031276347535515e-08	-9.883066391407738e+00	5.000000000000000e+00	6.259437325056154e-03
6.120825441509348e-08	-9.793403744095817e+00	5.000000000000000e+00	6.225349297370501e-03
6.210374535483180e-08	-9.694533493216161e+00	5.000000000000000e+00	6.187578094916903e-03
6.299923629457014e-08	-9.586455638768765e+00	5.000000000000000e+00	6.146123717695358e-03
6.389472723430846e-08	-9.469170180753631e+00	5.000000000000000e+00	6.100986165705868e-03
6.479021817404679e-08	-9.342677119170757e+00	5.000000000000000e+00	6.052165438948429e-03
6.568570911378511e-08	-9.206976454020147e+00	5.000000000000000e+00	5.999661537423045e-03
6.664441117868198e-08	-9.052032174811583e+00	5.000000000000000e+00	5.939585409758394e-03
6.760311324357883e-08	-8.888270261638050e+00	5.000000000000000e+00	5.875982033343139e-03
6.856181530847569e-08	-8.715690714499544e+00	5.000000000000000e+00	5.808851408177280e-03
6.952051737337256e-08	-8.534293533396069e+00	5.000000000000000e+00	5.738193534260817e-03
7.047921943826942e-08	-8.344078718327621e+00	5.000000000000000e+00	5.664008411593750e-03
7.143792150316628e-08	-8.145046269294205e+00	5.000000000000000e+00	5.586296040176080e-03
7.239662356806314e-08	-7.937196186295816e+00	5.000000000000000e+00	5.505056420007807e-03
7.274631268436326e-08	-7.859700567939530e+00	5.000000000000000e+00	5.474751296018681e-03
7.366630278064735e-08	-7.650990157836695e+00	4.000495186030548e-01	5.393090519703492e-03
7.366631424164010e-08	-7.650987517977089e+00	3.999922136348459e-01	5.428941174386637e-03
7.374631268436546e-08	-7.632422256213246e+00	1.033981927855976e-14	2.554521447562730e-01
7.437733935834233e-08	-7.477174987562574e+00	5.697854353225285e-15	2.219205049876180e+00
7.500836603231923e-08	-7.309547038622788e+00	2.110838723070815e-15	4.154826463511786e+00
7.563939270629611e-08	-7.129538409393894e+00	-4.212276119034973e-16	6.062316385663012e+00
7.627041938027299e-08	-6.937149099875890e+00	-1.898344651697739e-15	7.941674816329898e+00
7.690144605424988e-08	-6.732379110068771e+00	-2.320512396311907e-15	9.792901755512482e+00
7.753247272822676e-08	-6.515228439972546e+00	-1.687730845745989e-15	1.161599720321069e+01
7.816349940220364e-08	-6.285697089587210e+00	0.000000000000000e+00	1.341096115942455e+01
7.935397559267953e-08	-5.816834458055785e+00	0.000000000000000e+00	1.671616713105540e+01
8.054445178315543e-08	-5.317522591750881e+00	0.000000000000000e+00	1.986401805730018e+01
8.173492797363132e-08	-4.787761490672505e+00	0.000000000000000e+00	2.285451393815882e+01
8.292540416410723e-08	-4.227551154820647e+00	0.000000000000000e+00	2.568765477363138e+01
8.411588035458312e-08	-3.636891584195320e+00	0.000000000000000e+00	2.836344056371781e+01
8.530635654505902e-08	-3.015782778796510e+00	0.000000000000000e+00	3.088187130841816e+01
8.649683273553491e-08	-2.364224738624231e+00	0.000000000000000e+00	3.324294700773238e+01
8.706573286195785e-08	-2.048272286048445e+00	0.000000000000000e+00	3.429784641878545e+01
8.763463298838079e-08	-1.729030836556497e+00	0.000000000000000e+00	3.530890334766360e+01
8.820353311480374e-08	-1.406500390148387e+00	0.000000000000000e+00	3.627611779436683e+01
8.877243324122668e-08	-1.080680946824115e+00	0.000000000000000e+00	3.719948975889515e+01
8.934133336764962e-08	-7.515725065836796e-01	0.000000000000000e+00	3.807901924124854e+01
8.991023349407256e-08	-4.191750694270824e-01	0.000000000000000e+00	3.891470624142701e+01
9.047913362049550e-08	-8.348863535432116e-02	0.000000000000000e+00	3.970655075943057e+01
9.062662624586090e-08	3.654150780024199e-03	0.000000000000000e+00	3.990419256235220e+01
9.107963930949335e-08	2.725496663449348e-01	0.000000000000000e+00	4.049238152730982e+01
9.153265237312581e-08	5.420309267710256e-01	0.000000000000000e+00	4.105151572726245e+01
9.198566543675826e-08	8.120979320582966e-01	0.000000000000000e+00	4.158159516221006e+01
9.243867850039072e-08	1.082750682206748e+00	0.000000000000000e+00	4.208261983215269e+01
9.289169156402317e-08	1.353989177216379e+00	0.000000000000000e+00	4.255458973709030e+01
9.334470462765563e-08	1.625813417087191e+00	0.000000000000000e+00	4.299750487702292e+01
9.379771769128808e-08	1.898223401819183e+00	0.000000000000000e+00	4.341136525195054e+01
9.457732156823690e-08	2.368250028735526e+00	0.000000000000000e+00	4.405368891010728e+01
9.535692544518570e-08	2.834955915871767e+00	0.000000000000000e+00	4.461075507055567e+01
9.613652932213451e-08	3.298341063227920e+00	0.000000000000000e+00	4.508256373329570e+01
9.691613319908331e-08	3.758405470803971e+00	0.000000000000000e+00	4.546911489832737e+01
9.769573707603213e-08	4.215149138599934e+00	0.000000000000000e+00	4.577040856565068e+01
9.847534095298094e-08	4.668572066615802e+00	0.000000000000000e+00	4.598644473526564e+01
9.925494482992974e-08	5.118674254851568e+00	0.000000000000000e+00	4.611722340717224e+01
9.952885970561511e-08	5.274662499139495e+00	0.000000000000000e+00	4.614399423339984e+01
9.980277458130049e-08	5.429739707195841e+00	0.000000000000000e+00	4.616078638073277e+01
1.000766894569859e-07	5.583905879020605e+00	0.000000000000000e+00	4.616759984917104e+01
1.003506043326712e-07	5.737161014613787e+00	0.000000000000000e+00	4.616443463871465e+01
1.006245192083566e-07	5.889505113975388e+00	0.000000000000000e+00	4.615129074936360e+01
1.008984340840420e-07	6.040938177105407e+00	0.000000000000000e+00	4.612816818111788e+01
1.011723489597273e-07	6.191460204003844e+00	0.000000000000000e+00	4.609506693397751e+01
1.020573047119391e-07	6.672822884862483e+00	0.000000000000000e+00	4.591488945659288e+01
1.029422604641508e-07	7.139650414481451e+00	0.000000000000000e+00	4.564231071727686e+01
1.038272162163626e-07	7.591942792860749e+00	0.000000000000000e+00	4.527733071602942e+01
1.047121719685743e-07	8.029700020000377e+00	0.000000000000000e+00	4.481994945285057e+01
1.055971277207860e-07	8.452922095900327e+00	0.000000000000000e+00	4.427016692774032e+01
1.064820834729978e-07	8.861609020560611e+00	0.000000000000000e+00	4.362798314069865e+01
1.073670392252095e-07	9.255760793981226e+00	0.000000000000000e+00	4.289339809172558e+01
1.088208951038442e-07	9.866369167440670e+00	0.000000000000000e+00	4.147649031773528e+01
1.102747509824789e-07	1.041863865727158e+01	0.000000000000000e+00	3.990742015508176e+01
1.117286068611136e-07	1.091256926347396e+01	0.000000000000000e+00	3.818618760376501e+01
1.131824627397483e-07	1.134816098604781e+01	0.000000000000000e+00	3.631279266378502e+01
1.146363186183830e-07	1.172541382499312e+01	0.000000000000000e+00	3.428723533514182e+01
1.160901744970176e-07	1.204432778030990e+01	0.000000000000000e+00	3.210951561783537e+01
1.175440303756523e-07	1.230490285199814e+01	0.000000000000000e+00	2.977963351186569e+01
1.184921972530226e-07	1.243674676699564e+01	0.000000000000000e+00	2.823447740873516e+01
1.194403641303929e-07	1.254110757098253e+01	0.000000000000000e+00	2.667765725015982e+01
1.203885310077632e-07	1.261798526395882e+01	0.000000000000000e+00	2.510917303613964e+01
1.213366978851334e-07	1.266737984592449e+01	0.000000000000000e+00	2.352902476667470e+01
1.222848647625037e-07	1.268929131687957e+01	0.000000000000000e+00	2.193721244176490e+01
1.232330316398740e-07	1.268371967682403e+01	0.000000000000000e+00	2.033373606141028e+01
1.241811985172443e-07	1.265066492575789e+01	0.000000000000000e+00	1.871859562561090e+01
1.244551133929296e-07	1.263615626587774e+01	0.000000000000000e+00	1.825766736231514e+01
1.247290282686150e-07	1.261944024782988e+01	0.000000000000000e+00	1.779806566742352e+01
1.250029431443004e-07	1.260051687161430e+01	0.000000000000000e+00	1.733979054093604e+01
1.252768580199857e-07	1.257938613723099e+01	0.000000000000000e+00	1.688284198285269e+01
1.255507728956711e-07	1.255604804467997e+01	0.000000000000000e+00	1.642721999317349e+01
1.258246877713565e-07	1.253050259396122e+01	0.000000000000000e+00	1.597292457189842e+01
1.260986026470419e-07	1.250274978507476e+01	0.000000000000000e+00	1.551995571902749e+01
1.266253620233585e-07	1.244307952823047e+01	0.000000000000000e+00	1.465238742852410e+01
1.271521213996751e-07	1.237573198392932e+01	0.000000000000000e+00	1.379499257952332e+01
1.276788807759917e-07	1.230070715217131e+01	0.000000000000000e+00	1.294777117202515e+01
1.282056401523083e-07	1.221800503295645e+01	0.000000000000000e+00	1.211072320602963e+01
1.287323995286249e-07	1.212762562628473e+01	0.000000000000000e+00	1.128384868153667e+01
1.292591589049415e-07	1.202956893215614e+01	0.000000000000000e+00	1.046714759854633e+01
1.297859182812581e-07	1.192383495057070e+01	0.000000000000000e+00	9.660619957058596e+00
1.305971277207867e-07	1.174584030929591e+01	0.000000000000000e+00	8.441373545216102e+00
1.314083371603152e-07	1.155249961444005e+01	0.000000000000000e+00	7.264926512053202e+00
1.322195465998438e-07	1.134381286600312e+01	0.000000000000000e+00	6.131278857569896e+00
1.330307560393724e-07	1.111978006398510e+01	0.000000000000000e+00	5.040430581766151e+00
1.338419654789009e-07	1.088040120838602e+01	0.000000000000000e+00	3.992381684642035e+00
1.346531749184295e-07	1.062567629920587e+01	0.000000000000000e+00	2.987132166197516e+00
1.354643843579580e-07	1.035560533644465e+01	0.000000000000000e+00	2.024682026432590e+00
1.357277640461158e-07	1.026547926344147e+01	0.000000000000000e+00	1.725526292116889e+00
1.359911437342737e-07	1.017404775269671e+01	0.000000000000000e+00	1.432203058378007e+00
1.362545234224315e-07	1.008131080421034e+01	0.000000000000000e+00	1.144712325215946e+00
1.365179031105893e-07	9.987268417982376e+00	0.000000000000000e+00	8.630540926306765e-01
1.367812827987471e-07	9.891920594012820e+00	0.000000000000000e+00	5.872283606222557e-01
1.370446624869049e-07	9.795267332301668e+00	0.000000000000000e+00	3.172351291906548e-01
1.373080421750628e-07	9.697308632848916e+00	0.000000000000000e+00	5.307439833586614e-02
1.373817884877488e-07	9.669677346411333e+00	0.000000000000000e+00	-1.974246874590335e-02
1.374555348004349e-07	9.641950938786913e+00	0.000000000000000e+00	-9.207865144671246e-02
1.376030274258003e-07	9.586214948722535e+00	0.000000000000000e+00	-2.353023512809784e-01
1.378242663638586e-07	9.501911269075350e+00	0.000000000000000e+00	-4.464916938277099e-01
1.380926240404542e-07	9.398566785446626e+00	0.000000000000000e+00	-6.968500469670431e-01
1.381006864413869e-07	9.395447344899281e+00	0.000000000000000e+00	-7.014948247686164e-01
1.381104169569881e-07	9.391681533312855e+00	0.000000000000000e+00	-7.032130163400732e-01
1.381232909491572e-07	9.386697627929763e+00	0.000000000000000e+00	-7.037794119732113e-01
1.381490389334818e-07	9.376723844909144e+00	0.000000000000000e+00	-7.039331875156569e-01
1.382005349021378e-07	9.356752567180237e+00	0.000000000000000e+00	-7.039382634378795e-01
1.382742812148239e-07	9.328103731398151e+00	0.000000000000000e+00	-7.039112333147187e-01
1.383480275275099e-07	9.299406746656466e+00	0.000000000000000e+00	-7.038822637625087e-01
1.385692664655614e-07	9.213029219503589e+00	0.000000000000000e+00	-7.037947433087237e-01
1.395385037179849e-07	8.828333807881345e+00	0.000000000000000e+00	-7.034050111759252e-01
1.405077409704083e-07	8.437363885467951e+00	0.000000000000000e+00	-7.030090022822928e-01
1.414769782228318e-07	8.040119452263404e+00	0.000000000000000e+00	-7.026067166278264e-01
1.424462154752552e-07	7.636600508267699e+00	0.000000000000000e+00	-7.021981542125260e-01
1.434154527276787e-07	7.226807053480853e+00	0.000000000000000e+00	-7.017833150363917e-01
1.443846899801021e-07	6.810739087902856e+00	0.000000000000000e+00	-7.013621990994234e-01
1.453539272325255e-07	6.388396611533709e+00	0.000000000000000e+00	-7.009348064016212e-01
1.456489124832631e-07	6.259342280189069e+00	0.000000000000000e+00	-7.008042145860977e-01
1.459438977340007e-07	6.129938462262925e+00	0.000000000000000e+00	-7.006732730729235e-01
1.462388829847383e-07	6.000185157755276e+00	0.000000000000000e+00	-7.005419818620988e-01
1.465338682354758e-07	5.870082366666121e+00	0.000000000000000e+00	-7.004103409536236e-01
1.468288534862134e-07	5.739630088995463e+00	0.000000000000000e+00	-7.002783503474980e-01
1.471238387369510e-07	5.608828324743299e+00	0.000000000000000e+00	-7.001460100437218e-01
1.474188239876885e-07	5.477677073909632e+00	0.000000000000000e+00	-7.000133200422950e-01
1.474925703003678e-07	5.444852262732333e+00	0.000000000000000e+00	-6.999801105105362e-01
1.476354353101343e-07	5.381201872249274e+00	7.142018866477796e-01	-6.976314445873911e-01
1.477783003199008e-07	5.317500338914115e+00	1.428431715841537e+00	-6.931498269877640e-01
1.479211653296672e-07	5.253747662726858e+00	2.142689487581273e+00	-6.865352577116548e-01
1.480640303394337e-07	5.189943843687501e+00	2.856975201866987e+00	-6.777877367590637e-01
1.482068953492002e-07	5.126088881796045e+00	3.571288858698678e+00	-6.669072641299905e-01
1.483497603589666e-07	5.062182777052489e+00	4.285630458076348e+00	-6.538938398244353e-01
1.484926253687331e-07	4.998225529456835e+00	4.999999999999995e+00	-6.387474638423980e-01
1.488515830211381e-07	4.837235640702941e+00	4.999999999999997e+00	-5.911136998104501e-01
1.492105406735431e-07	4.676251580434513e+00	4.999999999999999e+00	-5.299294341980989e-01
1.495694983259481e-07	4.515273348651550e+00	5.000000000000000e+00	-4.551946670053444e-01
1.499284559783530e-07	4.354300945354064e+00	5.000000000000001e+00	-3.669093982321935e-01
1.502874136307580e-07	4.193334370542030e+00	5.000000000000002e+00	-2.650736278786331e-01
1.506463712831630e-07	4.032373624215462e+00	5.000000000000001e+00	-1.496873559446695e-01
1.510053289355680e-07	3.871418706374357e+00	5.000000000000000e+00	-2.075058243030270e-02
1.510444806907227e-07	3.853892642560950e+00	5.000000000000000e+00	-5.984579066172557e-03
1.510630093339420e-07	3.845599431875748e+00	5.000000000000000e+00	1.062971671750290e-03
1.510631634307836e-07	3.845530459043935e+00	5.000000000000000e+00	1.029563375720244e-03
1.510633511607964e-07	3.845446432135589e+00	5.000000000000000e+00	9.928633144049570e-04
1.510635347439662e-07	3.845364261265161e+00	5.000000000000000e+00	9.604309834614355e-04
1.510637203379177e-07	3.845281190318488e+00	5.000000000000000e+00	9.308332336992464e-04
1.510639177962529e-07	3.845192808861000e+00	5.000000000000000e+00	9.025830343354357e-04
1.510641206402879e-07	3.845102016714911e+00	5.000000000000000e+00	8.766211797954782e-04
1.510643360723099e-07	3.845005590160788e+00	5.000000000000000e+00	8.521152540854615e-04
1.510645605060966e-07	3.844905134369412e+00	5.000000000000000e+00	8.295306634913402e-04
1.510647995097512e-07	3.844798157060993e+00	5.000000000000000e+00	8.084133842540808e-04
1.510650518908954e-07	3.844685191930594e+00	5.000000000000000e+00	7.889674740599872e-04
1.510653225401278e-07	3.844564049941127e+00	5.000000000000000e+00	7.709501428578847e-04
1.510656125502295e-07	3.844434241945613e+00	5.000000000000000e+00	7.544314535259389e-04
1.510659272406216e-07	3.844293386951044e+00	5.000000000000000e+00	7.392825240462031e-04
1.510662704992666e-07	3.844139744672518e+00	5.000000000000000e+00	7.255123542648789e-04
1.510666498064547e-07	3.843969966898605e+00	5.000000000000000e+00	7.130524583138786e-04
1.510670737031106e-07	3.843780230641542e+00	5.000000000000000e+00	7.018909993474765e-04
1.510675665497460e-07	3.843559632022149e+00	5.000000000000000e+00	6.918188318376650e-04
1.510681818386598e-07	3.843284227616117e+00	5.000000000000000e+00	6.825809579127373e-04
1.510691008896076e-07	3.842872857661199e+00	5.000000000000000e+00	6.736382612160252e-04
1.510699636154056e-07	3.842486698031962e+00	5.000000000000000e+00	6.680954383978532e-04
1.510712020723947e-07	3.841932357567359e+00	5.000000000000000e+00	6.635586370232760e-04
1.510728439273139e-07	3.841197450366899e+00	5.000000000000000e+00	6.606228952892312e-04
1.510753270332114e-07	3.840085984626043e+00	5.000000000000000e+00	6.590687433701958e-04
1.510791042085680e-07	3.838395260643040e+00	5.000000000000000e+00	6.587973213376536e-04
1.510866585592813e-07	3.835013739382077e+00	5.000000000000000e+00	6.598098898858880e-04
1.511017672607077e-07	3.828250405752748e+00	5.000000000000000e+00	6.624723681421599e-04
1.511319846635539e-07	3.814722590388898e+00	5.000000000000000e+00	6.679353619747311e-04
1.522468128974913e-07	3.312974521945114e+00	5.000000000000000e+00	8.708378317924378e-04
1.533616411314287e-07	2.812531005440020e+00	5.000000000000000e+00	1.073218979063994e-03
1.544764693653661e-07	2.313392040873616e+00	5.000000000000000e+00	1.275078803789401e-03
1.555912975993036e-07	1.815557628245902e+00	5.000000000000000e+00	1.476417305968657e-03
1.567061258332410e-07	1.319027767556890e+00	5.000000000000000e+00	1.677234485601759e-03
1.578209540671784e-07	8.238024588065551e-01	5.000000000000000e+00	1.877530342688715e-03
1.589357823011158e-07	3.298817019949105e-01	5.000000000000000e+00	2.077304877229521e-03
1.591991619892737e-07	2.141923930516082e-01	5.000000000000000e+00	2.124101868474316e-03
1.594625416774315e-07	9.876209374022096e-02	5.000000000000000e+00	2.170795279435659e-03
1.597259213655893e-07	-1.640919593925128e-02	5.000000000000000e+00	2.217385110113550e-03
1.599893010537471e-07	-1.313214759868200e-01	5.000000000000000e+00	2.263871360507995e-03
1.602526807419049e-07	-2.459747464024621e-01	5.000000000000000e+00	2.310254030618983e-03
1.605160604300628e-07	-3.603690071861892e-01	5.000000000000000e+00	2.356533120446520e-03
1.607794401182206e-07	-4.745042583380012e-01	5.000000000000000e+00	2.402708629990606e-03
1.620541978089082e-07	-1.024986531431350e+00	5.000000000000000e+00	2.625425523811121e-03
1.633289554995958e-07	-1.565003843256480e+00	5.000000000000000e+00	2.843956921802403e-03
1.646037131902834e-07	-2.094556193813369e+00	5.000000000000000e+00	3.058302823964442e-03
1.658784708809710e-07	-2.613643583102040e+00	5.000000000000000e+00	3.268463230297248e-03
1.671532285716586e-07	-3.122266011122469e+00	5.000000000000000e+00	3.474438140800812e-03
1.684279862623462e-07	-3.620423477874681e+00	5.000000000000000e+00	3.676227555475142e-03
1.697027439530338e-07	-4.108115983358652e+00	5.000000000000000e+00	3.873831474320231e-03
1.720310203963546e-07	-4.967935760871209e+00	5.000000000000000e+00	4.222376011854680e-03
1.743592968396754e-07	-5.766881319370576e+00	5.000000000000000e+00	4.546571823946402e-03
1.766875732829962e-07	-6.504952658856760e+00	5.000000000000000e+00	4.846418910595399e-03
1.790158497263170e-07	-7.182149779329744e+00	5.000000000000000e+00	5.121917271801666e-03
1.813441261696378e-07	-7.798472680789537e+00	5.000000000000000e+00	5.373066907565205e-03
1.836724026129586e-07	-8.353921363236140e+00	5.000000000000000e+00	5.599867817886016e-03
1.860006790562794e-07	-8.848495826669552e+00	5.000000000000000e+00	5.802320002764099e-03
1.875809571852302e-07	-9.138686513459490e+00	5.000000000000000e+00	5.921533800708267e-03
1.891612353141810e-07	-9.395049245165039e+00	5.000000000000000e+00	6.027216469379159e-03
1.907415134431318e-07	-9.617584021786202e+00	5.000000000000000e+00	6.119368008776778e-03
1.923217915720826e-07	-9.806290843322971e+00	5.000000000000000e+00	6.197988418901120e-03
1.939020697010334e-07	-9.961169709775353e+00	5.000000000000000e+00	6.263077699752186e-03
1.954823478299842e-07	-1.008222062114334e+01	5.000000000000000e+00	6.314635851329978e-03
1.970626259589349e-07	-1.016944357742695e+01	5.000000000000000e+00	6.352662873634493e-03
1.976104557103037e-07	-1.019163390504750e+01	5.000000000000000e+00	6.362626732582673e-03
1.981582854616725e-07	-1.020979846359590e+01	5.000000000000000e+00	6.370980265331905e-03
1.987061152130414e-07	-1.022393725307216e+01	5.000000000000000e+00	6.377723471882187e-03
1.992539449644101e-07	-1.023405027347626e+01	5.000000000000000e+00	6.382856352233520e-03
1.998017747157790e-07	-1.024013752480822e+01	5.000000000000000e+00	6.386378906385905e-03
2.003496044671478e-07	-1.024219900706802e+01	5.000000000000000e+00	6.388291134339340e-03
2.008974342185166e-07	-1.024023472025568e+01	5.000000000000000e+00	6.388593036093826e-03
2.017297140330973e-07	-1.022949241018334e+01	5.000000000000000e+00	6.385948412295938e-03
2.025619938476781e-07	-1.020988851788797e+01	5.000000000000000e+00	6.379759078819729e-03
2.033942736622588e-07	-1.018142304336957e+01	5.000000000000000e+00	6.370025035665199e-03
2.042265534768396e-07	-1.014409598662812e+01	5.000000000000000e+00	6.356746282832348e-03
2.050588332914204e-07	-1.009790734766364e+01	5.000000000000000e+00	6.339922820321177e-03
2.058911131060011e-07	-1.004285712647612e+01	5.000000000000000e+00	6.319554648131684e-03
2.067233929205819e-07	-9.978945323065563e+00	5.000000000000000e+00	6.295641766263872e-03
2.068708855459541e-07	-9.966773506124847e+00	5.000000000000000e+00	6.291065758254339e-03
2.077347709231136e-07	-9.889764951568258e+00	5.000000000000000e+00	6.261976783444917e-03
2.085986563002732e-07	-9.804158568645686e+00	5.000000000000000e+00	6.229448554084936e-03
2.094625416774327e-07	-9.709954357357139e+00	5.000000000000000e+00	6.193481070174399e-03
2.103264270545922e-07	-9.607152317702610e+00	5.000000000000000e+00	6.154074331713302e-03
2.111903124317518e-07	-9.495752449682106e+00	5.000000000000000e+00	6.111228338701648e-03
2.120541978089113e-07	-9.375754753295618e+00	5.000000000000000e+00	6.064943091139435e-03
2.129180831860709e-07	-9.247159228543156e+00	5.000000000000000e+00	6.015218589026665e-03
2.137082222505463e-07	-9.122524423004137e+00	5.000000000000000e+00	5.966931955566463e-03
2.144983613150216e-07	-8.991727256082148e+00	5.000000000000000e+00	5.916180248220881e-03
2.152885003794970e-07	-8.854767727777185e+00	5.000000000000000e+00	5.862963466989914e-03
2.160786394439724e-07	-8.711645838089254e+00	5.000000000000000e+00	5.807281611873568e-03
2.168687785084478e-07	-8.562361587018344e+00	5.000000000000000e+00	5.749134682871839e-03
2.176589175729232e-07	-8.406914974564463e+00	5.000000000000000e+00	5.688522679984729e-03
2.184490566373986e-07	-8.245306000727616e+00	5.000000000000000e+00	5.625445603212237e-03
2.202389380530942e-07	-7.859694779111059e+00	5.000000000000000e+00	5.474749157032856e-03
2.211589281493783e-07	-7.650984820202929e+00	4.000495186030548e-01	5.393088561163495e-03
2.211589396103710e-07	-7.650982180348961e+00	3.999922136347323e-01	5.428939202829497e-03
2.212389380530964e-07	-7.632416957973137e+00	1.033981927855976e-14	2.554520523928631e-01
2.218699647270732e-07	-7.477170003904074e+00	5.697854353224041e-15	2.219204270823824e+00
2.225009914010501e-07	-7.309542372809441e+00	2.110838723068808e-15	4.154825045434235e+00
2.231320180750270e-07	-7.129534064689240e+00	-4.212276119059412e-16	6.062314376224097e+00
2.237630447490039e-07	-6.937145079543463e+00	-1.898344651700244e-15	7.941672263193486e+00
2.243940714229808e-07	-6.732375417372126e+00	-2.320512396313979e-15	9.792898706342244e+00
2.250250980969577e-07	-6.515225078175222e+00	-1.687730845747232e-15	1.161599370567045e+01
2.256561247709345e-07	-6.285694061952748e+00	0.000000000000000e+00	1.341095726117812e+01
2.268466009614105e-07	-5.816832070330831e+00	0.000000000000000e+00	1.671616261464498e+01
2.280370771518863e-07	-5.317520840019839e+00	0.000000000000000e+00	1.986401309756997e+01
2.292275533423622e-07	-4.787760371019747e+00	0.000000000000000e+00	2.285450870995324e+01
2.304180295328381e-07	-4.227550663330570e+00	0.000000000000000e+00	2.568764945179471e+01
2.316085057233140e-07	-3.636891716952305e+00	0.000000000000000e+00	2.836343532309437e+01
2.327989819137899e-07	-3.015783531884966e+00	0.000000000000000e+00	3.088186632385219e+01
2.339894581042658e-07	-2.364226108128528e+00	0.000000000000000e+00	3.324294245406826e+01
2.345583582306888e-07	-2.048273942803355e+00	0.000000000000000e+00	3.429784212983604e+01
2.351272583571117e-07	-1.729032776503274e+00	0.000000000000000e+00	3.530889935983708e+01
2.356961584835346e-07	-1.406502609228284e+00	0.000000000000000e+00	3.627611414407138e+01
2.362650586099576e-07	-1.080683440978387e+00	0.000000000000000e+00	3.719948648253893e+01
2.368339587363805e-07	-7.515752717535813e-01	0.000000000000000e+00	3.807901637523973e+01
2.374028588628035e-07	-4.191781015538678e-01	0.000000000000000e+00	3.891470382217379e+01
2.379717589892264e-07	-8.349193037923897e-02	0.000000000000000e+00	3.970654882334111e+01
2.381192516145918e-07	3.650788567870225e-03	0.000000000000000e+00	3.990419075678702e+01
2.385722646782243e-07	2.725460996150206e-01	0.000000000000000e+00	4.049238013789022e+01
2.390252777418567e-07	5.420271591234788e-01	0.000000000000000e+00	4.105151477433193e+01
2.394782908054892e-07	8.120939670932448e-01	0.000000000000000e+00	4.158159466611215e+01
2.399313038691216e-07	1.082746523524319e+00	0.000000000000000e+00	4.208261981323088e+01
2.403843169327541e-07	1.353984828416700e+00	0.000000000000000e+00	4.255459021568813e+01
2.408373299963865e-07	1.625808881770390e+00	0.000000000000000e+00	4.299750587348390e+01
2.412903430600190e-07	1.898218683585386e+00	0.000000000000000e+00	4.341136678661817e+01
2.420699469369678e-07	2.368245004478181e+00	0.000000000000000e+00	4.405369141951105e+01
2.428495508139166e-07	2.834950599031431e+00	0.000000000000000e+00	4.461075860239872e+01
2.436291546908654e-07	3.298335467245137e+00	0.000000000000000e+00	4.508256833528118e+01
2.444087585678143e-07	3.758399609119329e+00	0.000000000000000e+00	4.546912061815845e+01
2.451883624447631e-07	4.215143024653946e+00	0.000000000000000e+00	4.577041545103048e+01
2.459679663217119e-07	4.668565713849018e+00	0.000000000000000e+00	4.598645283389730e+01
2.467475701986607e-07	5.118667676704545e+00	0.000000000000000e+00	4.611723276675890e+01
2.470214850743460e-07	5.274655845631893e+00	0.000000000000000e+00	4.614400404339855e+01
2.472953999500314e-07	5.429732980198849e+00	0.000000000000000e+00	4.616079664548121e+01
2.475693148257168e-07	5.583899080405414e+00	0.000000000000000e+00	4.616761057300685e+01
2.478432297014021e-07	5.737154146251586e+00	0.000000000000000e+00	4.616444582597551e+01
2.481171445770875e-07	5.889498177737368e+00	0.000000000000000e+00	4.615130240438717e+01
2.483910594527729e-07	6.040931174862757e+00	0.000000000000000e+00	4.612818030824182e+01
2.486649743284582e-07	6.191453137627755e+00	0.000000000000000e+00	4.609507953753948e+01
2.495499300806700e-07	6.672815624022586e+00	0.000000000000000e+00	4.591490363543809e+01
2.504348858328817e-07	7.139642979981807e+00	0.000000000000000e+00	4.564232649699250e+01
2.513198415850935e-07	7.591935205505473e+00	0.000000000000000e+00	4.527734812220267e+01
2.522047973373052e-07	8.029692300593558e+00	0.000000000000000e+00	4.481996851106861e+01
2.530897530895170e-07	8.452914265246060e+00	0.000000000000000e+00	4.427018766359032e+01
2.539747088417287e-07	8.861601099462954e+00	0.000000000000000e+00	4.362800557976784e+01
2.548596645939404e-07	9.255752803244290e+00	0.000000000000000e+00	4.289342225960110e+01
2.563135204725751e-07	9.866361111819201e+00	0.000000000000000e+00	4.147651737482973e+01
2.577673763512098e-07	1.041863059061823e+01	0.000000000000000e+00	3.990745006099806e+01
2.592212322298445e-07	1.091256123964142e+01	0.000000000000000e+00	3.818622031810600e+01
2.606750881084792e-07	1.134815305888875e+01	0.000000000000000e+00	3.631282814615359e+01
2.621289439871139e-07	1.172540604836021e+01	0.000000000000000e+00	3.428727354514085e+01
2.635827998657485e-07	1.204432020805580e+01	0.000000000000000e+00	3.210955651506784e+01
2.650366557443832e-07	1.230489553797555e+01	0.000000000000000e+00	2.977967705593440e+01
2.659848226217545e-07	1.243673964655354e+01	0.000000000000000e+00	2.823452260430071e+01
2.669329894991257e-07	1.254110066133889e+01	0.000000000000000e+00	2.667770403873758e+01
2.678811563764970e-07	1.261797858233161e+01	0.000000000000000e+00	2.510922135924483e+01
2.688293232538682e-07	1.266737340953169e+01	0.000000000000000e+00	2.352907456582264e+01
2.697774901312395e-07	1.268928514293913e+01	0.000000000000000e+00	2.193726365847083e+01
2.707256570086107e-07	1.268371378255393e+01	0.000000000000000e+00	2.033378863718959e+01
2.716738238859820e-07	1.265065932837609e+01	0.000000000000000e+00	1.871864950197873e+01
2.719477387616664e-07	1.263615075631333e+01	0.000000000000000e+00	1.825772159872337e+01
2.722216536373507e-07	1.261943482715771e+01	0.000000000000000e+00	1.779812025768056e+01
2.724955685130352e-07	1.260051154090923e+01	0.000000000000000e+00	1.733984547885010e+01
2.727694833887196e-07	1.257938089756790e+01	0.000000000000000e+00	1.688289726223210e+01
2.730433982644040e-07	1.255604289713372e+01	0.000000000000000e+00	1.642727560782654e+01
2.733173131400884e-07	1.253049753960668e+01	0.000000000000000e+00	1.597298051563351e+01
2.735912280157728e-07	1.250274482498678e+01	0.000000000000000e+00	1.552001198565285e+01
2.741179873920894e-07	1.244307475252744e+01	0.000000000000000e+00	1.465244429859264e+01
2.746447467684060e-07	1.237572739559184e+01	0.000000000000000e+00	1.379505002781500e+01
2.751715061447226e-07	1.230070275417998e+01	0.000000000000000e+00	1.294782917332011e+01
2.756982655210392e-07	1.221800082829185e+01	0.000000000000000e+00	1.211078173510780e+01
2.762250248973558e-07	1.212762161792747e+01	0.000000000000000e+00	1.128390771317823e+01
2.767517842736724e-07	1.202956512308682e+01	0.000000000000000e+00	1.046720710753124e+01
2.772785436499890e-07	1.192383134376992e+01	0.000000000000000e+00	9.660679918166990e+00
2.780897530895176e-07	1.174583701950830e+01	0.000000000000000e+00	8.441434151000893e+00
2.789009625290461e-07	1.155249664455734e+01	0.000000000000000e+00	7.264987697177635e+00
2.797121719685747e-07	1.134381021891702e+01	0.000000000000000e+00	6.131340556697062e+00
2.805233814081032e-07	1.111977774258735e+01	0.000000000000000e+00	5.040492729559321e+00
2.813345908476318e-07	1.088039921556830e+01	0.000000000000000e+00	3.992444215764271e+00
2.821458002871603e-07	1.062567463785992e+01	0.000000000000000e+00	2.987195015312047e+00
2.829570097266889e-07	1.035560400946216e+01	0.000000000000000e+00	2.024745128202520e+00
2.832203894148468e-07	1.026547804458754e+01	0.000000000000000e+00	1.725589461185497e+00
2.834837691030046e-07	1.017404664191776e+01	0.000000000000000e+00	1.432266287727120e+00
2.837471487911624e-07	1.008130980145277e+01	0.000000000000000e+00	1.144775607827271e+00
2.840105284793202e-07	9.987267523192612e+00	0.000000000000000e+00	8.631174214860664e-01
2.842739081674780e-07	9.891919807137254e+00	0.000000000000000e+00	5.872917287033923e-01
2.845372878556358e-07	9.795266653286733e+00	0.000000000000000e+00	3.172985294793600e-01
2.848006675437937e-07	9.697308061641010e+00	0.000000000000000e+00	5.313782381387000e-02
2.848744138564797e-07	9.669676805347976e+00	0.000000000000000e+00	-1.967903746628963e-02
2.849481601691658e-07	9.641950427856600e+00	0.000000000000000e+00	-9.201521491399944e-02
2.850956527945312e-07	9.586214498021576e+00	0.000000000000000e+00	-2.352389058868880e-01
2.853168917325895e-07	9.501910908618555e+00	0.000000000000000e+00	-4.464282392502810e-01
2.855852076659243e-07	9.398582708454853e+00	0.000000000000000e+00	-6.967481836459939e-01
2.856028550956658e-07	9.391753781890174e+00	0.000000000000000e+00	-7.031943956995264e-01
2.856158202870456e-07	9.386734580543703e+00	0.000000000000000e+00	-7.037757955319863e-01
2.856417506698052e-07	9.376690120365438e+00	0.000000000000000e+00	-7.039327982170768e-01
2.856936114353244e-07	9.356577151835126e+00	0.000000000000000e+00	-7.039380723943266e-01
2.857673577480037e-07	9.327928012457278e+00	0.000000000000000e+00	-7.039110547279971e-01
2.858411040606898e-07	9.299230725545215e+00	0.000000000000000e+00	-7.038820855781498e-01
2.860623429987413e-07	9.212852300447940e+00	0.000000000000000e+00	-7.037945642673606e-01
2.868208765006379e-07	8.912863811387497e+00	0.000000000000000e+00	-7.034906341755861e-01
2.875794100025345e-07	8.608779036982087e+00	0.000000000000000e+00	-7.031826064256748e-01
2.883379435044311e-07	8.300597977231705e+00	0.000000000000000e+00	-7.028704810176266e-01
2.890964770063278e-07	7.988320632136334e+00	0.000000000000000e+00	-7.025542579514417e-01
2.898550105082244e-07	7.671947001696015e+00	0.000000000000000e+00	-7.022339372271199e-01
2.906135440101210e-07	7.351477085910727e+00	0.000000000000000e+00	-7.019095188446615e-01
2.913720775120176e-07	7.026910884780468e+00	0.000000000000000e+00	-7.015810028040661e-01
2.918777665132819e-07	6.808986294872572e+00	0.000000000000000e+00	-7.013604442053709e-01
2.923834555145464e-07	6.589920576209484e+00	0.000000000000000e+00	-7.011387438578566e-01
2.928891445158108e-07	6.369713728791250e+00	0.000000000000000e+00	-7.009159017615231e-01
2.933948335170752e-07	6.148365752617827e+00	0.000000000000000e+00	-7.006919179163704e-01
2.939005225183396e-07	5.925876647689257e+00	0.000000000000000e+00	-7.004667923223987e-01
2.944062115196040e-07	5.702246414005497e+00	0.000000000000000e+00	-7.002405249796078e-01
2.949119005208684e-07	5.477475051566586e+00	0.000000000000000e+00	-7.000131158879976e-01
2.949852507374618e-07	5.444826523273340e+00	0.000000000000000e+00	-6.999800847054708e-01
2.951281078803193e-07	5.381179600508406e+00	7.142857142858824e-01	-6.976307450253185e-01
2.952709650231768e-07	5.317481541498240e+00	1.428571428571948e+00	-6.931486911937658e-01
2.954138221660342e-07	5.253732346242887e+00	2.142857142857667e+00	-6.865339232108157e-01
2.955566793088916e-07	5.189932014742325e+00	2.857142857143305e+00	-6.777864410764673e-01
2.956995364517491e-07	5.126080546996554e+00	3.571428571428862e+00	-6.669062447907205e-01
2.958423935946066e-07	5.062177943005549e+00	4.285714285714601e+00	-6.538933343535700e-01
2.959852507374640e-07	4.998224202769359e+00	4.999999999999995e+00	-6.387477097650255e-01
2.963442082706948e-07	4.837234330699507e+00	4.999999999999997e+00	-5.911138696642609e-01
2.967031658039257e-07	4.676250287684432e+00	4.999999999999999e+00	-5.299295341193238e-01
2.970621233371565e-07	4.515272073724183e+00	5.000000000000000e+00	-4.551947031302322e-01
2.974210808703874e-07	4.354299688818711e+00	5.000000000000001e+00	-3.669093766969642e-01
2.977800384036182e-07	4.193333132968064e+00	5.000000000000002e+00	-2.650735548195458e-01
2.981389959368490e-07	4.032372406172194e+00	5.000000000000001e+00	-1.496872374979467e-01
2.984979534700799e-07	3.871417508431136e+00	5.000000000000000e+00	-2.075042473219924e-02
2.985371041551202e-07	3.853891919995135e+00	5.000000000000000e+00	-5.984818005316583e-03
2.985556315308259e-07	3.845599274842129e+00	5.000000000000000e+00	1.062250279488808e-03
2.985557856347148e-07	3.845530298842988e+00	5.000000000000000e+00	1.028899769757174e-03
2.985559735698180e-07	3.845446180119183e+00	5.000000000000000e+00	9.922287837511590e-04
2.985561575217995e-07	3.845363844154804e+00	5.000000000000000e+00	9.597987622811388e-04
2.985563430718137e-07	3.845280792855021e+00	5.000000000000000e+00	9.302687752992256e-04
2.985565408544880e-07	3.845192266205885e+00	5.000000000000000e+00	9.020350515243081e-04
2.985567437551929e-07	3.845101448676303e+00	5.000000000000000e+00	8.761244223904896e-04
2.985569595015996e-07	3.845004881385762e+00	5.000000000000000e+00	8.516419835657985e-04
2.985571840905627e-07	3.844904356113375e+00	5.000000000000000e+00	8.290981484044835e-04
2.985574234345688e-07	3.844797226445365e+00	5.000000000000000e+00	8.080072228544566e-04
2.985576760808004e-07	3.844684142638044e+00	5.000000000000000e+00	7.885954526472005e-04
2.985579471408641e-07	3.844562816735504e+00	5.000000000000000e+00	7.706050862026359e-04
2.985582375585716e-07	3.844432826268246e+00	5.000000000000000e+00	7.541163412430052e-04
2.985585527970550e-07	3.844291725918310e+00	5.000000000000000e+00	7.389939056192674e-04
2.985588966784318e-07	3.844137804874805e+00	5.000000000000000e+00	7.252510183501926e-04
2.985592767915142e-07	3.843967666342394e+00	5.000000000000000e+00	7.128167922099138e-04
2.985597016888074e-07	3.843777482157009e+00	5.000000000000000e+00	7.016809928925838e-04
2.985601961514258e-07	3.843556160176092e+00	5.000000000000000e+00	6.916302587542944e-04
2.985608144438914e-07	3.843279411307435e+00	5.000000000000000e+00	6.824094584954032e-04
2.985617342188016e-07	3.842867717209174e+00	5.000000000000000e+00	6.735225219982599e-04
2.985626034510865e-07	3.842478645150067e+00	5.000000000000000e+00	6.679917618968023e-04
2.985638584668650e-07	3.841916892705797e+00	5.000000000000000e+00	6.634661268559716e-04
2.985654990049326e-07	3.841182574721699e+00	5.000000000000000e+00	6.605795854083274e-04
2.985680356976106e-07	3.840047122428103e+00	5.000000000000000e+00	6.590469475732524e-04
2.985718018932721e-07	3.838361312423245e+00	5.000000000000000e+00	6.588000772581662e-04
2.985793342846020e-07	3.834989619546178e+00	5.000000000000000e+00	6.598177149553103e-04
2.985943990672549e-07	3.828245944376135e+00	5.000000000000000e+00	6.624739102614741e-04
2.986245286325541e-07	3.814757452554824e+00	5.000000000000000e+00	6.679211599165918e-04
2.997393317700495e-07	3.313020752116857e+00	5.000000000000000e+00	8.708190363845176e-04
3.008541349075449e-07	2.812588428724946e+00	5.000000000000000e+00	1.073195659450004e-03
3.019689380450403e-07	2.313460482379092e+00	5.000000000000000e+00	1.275051029113053e-03
3.030837411825358e-07	1.815636913079273e+00	5.000000000000000e+00	1.476385145373672e-03
3.041985443200312e-07	1.319117720825534e+00	5.000000000000000e+00	1.677198008231843e-03
3.053133474575266e-07	8.239029056178526e-01	5.000000000000000e+00	1.877489617687575e-03
3.064281505950220e-07	3.299924674562290e-01	5.000000000000000e+00	2.077259973740868e-03
3.066915302831798e-07	2.143029154673305e-01	5.000000000000000e+00	2.124057062181176e-03
3.069549099713376e-07	9.887236382196563e-02	5.000000000000000e+00	2.170750574053496e-03
3.072182896594955e-07	-1.629918747991199e-02	5.000000000000000e+00	2.217340509357847e-03
3.074816693476533e-07	-1.312117384382562e-01	5.000000000000000e+00	2.263826868094211e-03
3.077450490358111e-07	-2.458652890531129e-01	5.000000000000000e+00	2.310209650262606e-03
3.080084287239689e-07	-3.602598393244363e-01	5.000000000000000e+00	2.356488855863014e-03
3.082718084121267e-07	-4.743953892522723e-01	5.000000000000000e+00	2.402664484895454e-03
3.095465661028143e-07	-1.024879252203837e+00	5.000000000000000e+00	2.625382014553816e-03
3.108213237935019e-07	-1.564898346251431e+00	5.000000000000000e+00	2.843914125332038e-03
3.120960814841895e-07	-2.094452671395099e+00	5.000000000000000e+00	3.058260817230140e-03
3.133708391748771e-07	-2.613542227634818e+00	5.000000000000000e+00	3.268422090248109e-03
3.146455968655647e-07	-3.122167014970588e+00	5.000000000000000e+00	3.474397944385948e-03
3.159203545562523e-07	-3.620327033402390e+00	5.000000000000000e+00	3.676188379643648e-03
3.171951122469399e-07	-4.108022282930263e+00	5.000000000000000e+00	3.873793396021225e-03
3.195233886902597e-07	-4.967847603160393e+00	5.000000000000000e+00	4.222340150497120e-03
3.218516651335796e-07	-5.766799081528101e+00	5.000000000000000e+00	4.546538330405721e-03
3.241799415768995e-07	-6.504876718033353e+00	5.000000000000000e+00	4.846387935747014e-03
3.265082180202193e-07	-7.182080512676166e+00	5.000000000000000e+00	5.121888966521009e-03
3.288364944635392e-07	-7.798410465456554e+00	5.000000000000000e+00	5.373041422727709e-03
3.311647709068590e-07	-8.353866576374489e+00	5.000000000000000e+00	5.599845304367103e-03
3.334930473501788e-07	-8.848448845429987e+00	5.000000000000000e+00	5.802300611439197e-03
3.350733254791296e-07	-9.138644886782966e+00	5.000000000000000e+00	5.921516551181263e-03
3.366536036080804e-07	-9.395012992623236e+00	5.000000000000000e+00	6.027201369485949e-03
3.382338817370312e-07	-9.617553162950811e+00	5.000000000000000e+00	6.119355066353261e-03
3.398141598659819e-07	-9.806265397765678e+00	5.000000000000000e+00	6.197977641783195e-03
3.413944379949328e-07	-9.961149697067848e+00	5.000000000000000e+00	6.263069095775754e-03
3.429747161238836e-07	-1.008220606085731e+01	5.000000000000000e+00	6.314629428330936e-03
3.445549942528343e-07	-1.016943448913408e+01	5.000000000000000e+00	6.352658639448740e-03
3.451028240042041e-07	-1.019162669113019e+01	5.000000000000000e+00	6.362623248154240e-03
3.456506537555738e-07	-1.020979311659142e+01	5.000000000000000e+00	6.370977527676501e-03
3.461984835069436e-07	-1.022393376551778e+01	5.000000000000000e+00	6.377721478015525e-03
3.467463132583134e-07	-1.023404863790928e+01	5.000000000000000e+00	6.382855099171310e-03
3.472941430096832e-07	-1.024013773376590e+01	5.000000000000000e+00	6.386378391143858e-03
3.478419727610529e-07	-1.024220105308765e+01	5.000000000000000e+00	6.388291353933167e-03
3.483898025124227e-07	-1.024023859587453e+01	5.000000000000000e+00	6.388593987539238e-03
3.492220823270035e-07	-1.022949904926811e+01	5.000000000000000e+00	6.385950469147308e-03
3.500543621415842e-07	-1.020989788986545e+01	5.000000000000000e+00	6.379762228849448e-03
3.508866419561650e-07	-1.018143511766656e+01	5.000000000000000e+00	6.370029266645655e-03
3.517189217707458e-07	-1.014411073267143e+01	5.000000000000000e+00	6.356751582535933e-03
3.525512015853265e-07	-1.009792473488006e+01	5.000000000000000e+00	6.339929176520277e-03
3.533834813999073e-07	-1.004287712429245e+01	5.000000000000000e+00	6.319562048598690e-03
3.542157612144880e-07	-9.978967900908604e+00	5.000000000000000e+00	6.295650198771171e-03
3.543632538398602e-07	-9.966796536318625e+00	5.000000000000000e+00	6.291074371707326e-03
3.552271392170198e-07	-9.889790611881113e+00	5.000000000000000e+00	6.261986448978212e-03
3.560910245941793e-07	-9.804186810236834e+00	5.000000000000000e+00	6.229459252163725e-03
3.569549099713388e-07	-9.709985131385782e+00	5.000000000000000e+00	6.193492781263862e-03
3.578187953484984e-07	-9.607185575327961e+00	5.000000000000000e+00	6.154087036278624e-03
3.586826807256580e-07	-9.495788142063368e+00	5.000000000000000e+00	6.111242017208011e-03
3.595465661028175e-07	-9.375792831592015e+00	5.000000000000000e+00	6.064957724052027e-03
3.604104514799770e-07	-9.247199643913884e+00	5.000000000000000e+00	6.015234156810665e-03
3.609898867939256e-07	-9.156582825073091e+00	5.000000000000000e+00	5.980136783491553e-03
3.615693221078741e-07	-9.062573149550623e+00	5.000000000000000e+00	5.943682199517816e-03
3.621487574218227e-07	-8.965170617346478e+00	5.000000000000000e+00	5.905870404889450e-03
3.627281927357712e-07	-8.864375228460668e+00	5.000000000000000e+00	5.866701399606461e-03
3.633076280497198e-07	-8.760186982893172e+00	5.000000000000000e+00	5.826175183668842e-03
3.638870633636684e-07	-8.652605880644002e+00	5.000000000000000e+00	5.784291757076595e-03
3.644664986776169e-07	-8.541631921713154e+00	5.000000000000000e+00	5.741051119829720e-03
3.649329364982190e-07	-8.450023592276636e+00	5.000000000000000e+00	5.705332621110651e-03
3.653993743188212e-07	-8.356478197215933e+00	5.000000000000000e+00	5.668839247305392e-03
3.658658121394233e-07	-8.260995736531042e+00	5.000000000000000e+00	5.631570998413942e-03
3.663322499600255e-07	-8.163576210221953e+00	5.000000000000000e+00	5.593527874436297e-03
3.667986877806276e-07	-8.064219618288689e+00	5.000000000000000e+00	5.554709875372466e-03
3.672651256012297e-07	-7.962925960731239e+00	5.000000000000000e+00	5.515117001222445e-03
3.677315634218319e-07	-7.859695237549602e+00	5.000000000000000e+00	5.474749251986231e-03
3.686515535181092e-07	-7.650985195406548e+00	4.000495186030548e-01	5.393088622895448e-03
3.686515649791019e-07	-7.650982555551550e+00	3.999922136347323e-01	5.428939264902510e-03
3.687315634218273e-07	-7.632417325945604e+00	1.033981927855976e-14	2.554520552268292e-01
3.693625900958042e-07	-7.477170314681247e+00	5.697854353225080e-15	2.219204290399548e+00
3.699936167697810e-07	-7.309542626645745e+00	2.110838723070826e-15	4.154825073482093e+00
3.706246434437579e-07	-7.129534261839067e+00	-4.212276119036046e-16	6.062314404474789e+00
3.712556701177348e-07	-6.937145220261245e+00	-1.898344651697783e-15	7.941672283377315e+00
3.718866967917117e-07	-6.732375501912246e+00	-2.320512396311964e-15	9.792898710189986e+00
3.725177234656886e-07	-6.515225106792105e+00	-1.687730845746071e-15	1.161599368491249e+01
3.731487501396655e-07	-6.285694034900785e+00	0.000000000000000e+00	1.341095720754514e+01
3.743392263301414e-07	-5.816831938983094e+00	0.000000000000000e+00	1.671616247506030e+01
3.755297025206173e-07	-5.317520607632077e+00	0.000000000000000e+00	1.986401284592553e+01
3.767201787110932e-07	-4.787760040847732e+00	0.000000000000000e+00	2.285450832014084e+01
3.779106549015690e-07	-4.227550238630085e+00	0.000000000000000e+00	2.568764889770610e+01
3.791011310920449e-07	-3.636891200979088e+00	0.000000000000000e+00	2.836343457862158e+01
3.802916072825208e-07	-3.015782927894763e+00	0.000000000000000e+00	3.088186536288712e+01
3.814820834729967e-07	-2.364225419377111e+00	0.000000000000000e+00	3.324294125050275e+01
3.820509835994197e-07	-2.048273215520128e+00	0.000000000000000e+00	3.429784080315619e+01
3.826198837258426e-07	-1.729032011840801e+00	0.000000000000000e+00	3.530889790547193e+01
3.831887838522656e-07	-1.406501808339130e+00	0.000000000000000e+00	3.627611255744998e+01
3.837576839786885e-07	-1.080682605015115e+00	0.000000000000000e+00	3.719948475909032e+01
3.843265841051114e-07	-7.515744018687569e-01	0.000000000000000e+00	3.807901451039295e+01
3.848954842315344e-07	-4.191771989000548e-01	0.000000000000000e+00	3.891470181135789e+01
3.854643843579573e-07	-8.349099610902044e-02	0.000000000000000e+00	3.970654666198516e+01
3.856118769833227e-07	3.651730811917665e-03	0.000000000000000e+00	3.990418855584446e+01
3.860648900469552e-07	2.725470658461547e-01	0.000000000000000e+00	4.049237781348356e+01
3.865179031105876e-07	5.420281485024843e-01	0.000000000000000e+00	4.105151232426321e+01
3.869709161742201e-07	8.120949787809063e-01	0.000000000000000e+00	4.158159208818341e+01
3.874239292378525e-07	1.082747556681421e+00	0.000000000000000e+00	4.208261710524416e+01
3.878769423014850e-07	1.353985882204028e+00	0.000000000000000e+00	4.255458737544545e+01
3.883299553651174e-07	1.625809955348727e+00	0.000000000000000e+00	4.299750289878730e+01
3.887829684287499e-07	1.898219776115519e+00	0.000000000000000e+00	4.341136367526968e+01
3.895625723056997e-07	2.368246127596206e+00	0.000000000000000e+00	4.405368806779899e+01
3.903421761826495e-07	2.834951750036093e+00	0.000000000000000e+00	4.461075500650753e+01
3.911217800595992e-07	3.298336643435115e+00	0.000000000000000e+00	4.508256449139522e+01
3.919013839365490e-07	3.758400807793335e+00	0.000000000000000e+00	4.546911652246213e+01
3.926809878134988e-07	4.215144243110691e+00	0.000000000000000e+00	4.577041109970820e+01
3.934605916904486e-07	4.668566949387246e+00	0.000000000000000e+00	4.598644822313348e+01
3.942401955673983e-07	5.118668926622936e+00	0.000000000000000e+00	4.611722789273793e+01
3.945141104430828e-07	5.274657099930147e+00	0.000000000000000e+00	4.614399907676135e+01
3.947880253187671e-07	5.429734238535735e+00	0.000000000000000e+00	4.616079158605486e+01
3.950619401944515e-07	5.583900342439759e+00	0.000000000000000e+00	4.616760542061845e+01
3.953358550701360e-07	5.737155411642191e+00	0.000000000000000e+00	4.616444058045212e+01
3.956097699458204e-07	5.889499446143029e+00	0.000000000000000e+00	4.615129706555589e+01
3.958836848215047e-07	6.040932445942246e+00	0.000000000000000e+00	4.612817487592974e+01
3.961575996971892e-07	6.191454411039897e+00	0.000000000000000e+00	4.609507401157367e+01
3.970425554494019e-07	6.672816902556663e+00	0.000000000000000e+00	4.591489780470910e+01
3.979275112016146e-07	7.139644260193604e+00	0.000000000000000e+00	4.564232036310240e+01
3.988124669538273e-07	7.591936483950721e+00	0.000000000000000e+00	4.527734168675357e+01
3.996974227060400e-07	8.029693573828013e+00	0.000000000000000e+00	4.481996177566263e+01
4.005823784582527e-07	8.452915529825480e+00	0.000000000000000e+00	4.427018062982955e+01
4.014673342104654e-07	8.861602351943123e+00	0.000000000000000e+00	4.362799824925435e+01
4.023522899626781e-07	9.255754040180943e+00	0.000000000000000e+00	4.289341463393703e+01
4.038061458413128e-07	9.866362315207567e+00	0.000000000000000e+00	4.147650926992056e+01
4.052600017199475e-07	1.041863175316388e+01	0.000000000000000e+00	3.990744149761143e+01
4.067138575985822e-07	1.091256235404991e+01	0.000000000000000e+00	3.818621131700951e+01
4.081677134772169e-07	1.134815411786565e+01	0.000000000000000e+00	3.631281872811486e+01
4.096215693558516e-07	1.172540704461109e+01	0.000000000000000e+00	3.428726373092748e+01
4.110754252344862e-07	1.204432113428622e+01	0.000000000000000e+00	3.210954632544744e+01
4.125292811131209e-07	1.230489638689106e+01	0.000000000000000e+00	2.977966651167460e+01
4.134774479904912e-07	1.243674044248497e+01	0.000000000000000e+00	2.823451184716071e+01
4.144256148678615e-07	1.254110140264373e+01	0.000000000000000e+00	2.667769308247284e+01
4.153737817452318e-07	1.261797926736734e+01	0.000000000000000e+00	2.510921021761117e+01
4.163219486226020e-07	1.266737403665580e+01	0.000000000000000e+00	2.352906325257561e+01
4.172701154999723e-07	1.268928571050911e+01	0.000000000000000e+00	2.193725218736616e+01
4.182182823773426e-07	1.268371428892728e+01	0.000000000000000e+00	2.033377702198273e+01
4.191664492547129e-07	1.265065977191030e+01	0.000000000000000e+00	1.871863775642550e+01
4.194403641303973e-07	1.263615118163019e+01	0.000000000000000e+00	1.825770981851397e+01
4.197142790060816e-07	1.261943523419304e+01	0.000000000000000e+00	1.779810844407087e+01
4.199881938817661e-07	1.260051192959886e+01	0.000000000000000e+00	1.733983363309604e+01
4.202621087574505e-07	1.257938126784764e+01	0.000000000000000e+00	1.688288538558955e+01
4.205360236331349e-07	1.255604324893938e+01	0.000000000000000e+00	1.642726370155141e+01
4.208099385088193e-07	1.253049787287408e+01	0.000000000000000e+00	1.597296858098170e+01
4.210838533845037e-07	1.250274513965175e+01	0.000000000000000e+00	1.552000002388026e+01
4.216106127608203e-07	1.244307503122756e+01	0.000000000000000e+00	1.465243228823161e+01
4.221373721371369e-07	1.237572763827039e+01	0.000000000000000e+00	1.379503797360676e+01
4.226641315134535e-07	1.230070296078026e+01	0.000000000000000e+00	1.294781708000589e+01
4.231908908897701e-07	1.221800099875716e+01	0.000000000000000e+00	1.211076960742881e+01
4.237176502660867e-07	1.212762175220110e+01	0.000000000000000e+00	1.128389555587571e+01
4.242444096424033e-07	1.202956522111206e+01	0.000000000000000e+00	1.046719492534641e+01
4.247711690187199e-07	1.192383140549006e+01	0.000000000000000e+00	9.660667715841086e+00
4.255823784582485e-07	1.174583702528779e+01	0.000000000000000e+00	8.441421927204011e+00
4.263935878977770e-07	1.155249659495646e+01	0.000000000000000e+00	7.264975462904446e+00
4.272047973373056e-07	1.134381011449605e+01	0.000000000000000e+00	6.131328322942238e+00
4.280160067768341e-07	1.111977758390658e+01	0.000000000000000e+00	5.040480507317534e+00
4.288272162163627e-07	1.088039900318803e+01	0.000000000000000e+00	3.992432016030192e+00
4.296384256558913e-07	1.062567437234043e+01	0.000000000000000e+00	2.987182849080349e+00
4.304496350954198e-07	1.035560369136373e+01	0.000000000000000e+00	2.024733006467875e+00
4.307130147835777e-07	1.026547770970324e+01	0.000000000000000e+00	1.725577356089897e+00
4.309763944717355e-07	1.017404629036091e+01	0.000000000000000e+00	1.432254200354285e+00
4.312397741598933e-07	1.008130943333671e+01	0.000000000000000e+00	1.144763539260920e+00
4.315031538480511e-07	9.987267138630687e+00	0.000000000000000e+00	8.631053728099185e-01
4.317665335362089e-07	9.891919406242792e+00	0.000000000000000e+00	5.872797010011666e-01
4.320299132243667e-07	9.795266236173068e+00	0.000000000000000e+00	3.172865238347753e-01
4.322932929125246e-07	9.697307628421470e+00	0.000000000000000e+00	5.312584131064568e-02
4.323670392252107e-07	9.669676367643802e+00	0.000000000000000e+00	-1.969101330479361e-02
4.324407855378967e-07	9.641949985677712e+00	0.000000000000000e+00	-9.202718400501908e-02
4.325882781632621e-07	9.586214046923402e+00	0.000000000000000e+00	-2.352508612353290e-01
4.328095171013204e-07	9.501910444217884e+00	0.000000000000000e+00	-4.464401733683303e-01
4.330778406024338e-07	9.398579295707236e+00	0.000000000000000e+00	-6.967670531021213e-01
4.330859397267713e-07	9.395445646712687e+00	0.000000000000000e+00	-7.014733457321114e-01
4.330955152495461e-07	9.391739832266012e+00	0.000000000000000e+00	-7.031978949919448e-01
4.331084630405382e-07	9.386727365538377e+00	0.000000000000000e+00	-7.037764691497772e-01
4.331343586225290e-07	9.376696390903760e+00	0.000000000000000e+00	-7.039328697625508e-01
4.331861497865040e-07	9.356610457842180e+00	0.000000000000000e+00	-7.039381085558897e-01
4.332598960991900e-07	9.327961378227911e+00	0.000000000000000e+00	-7.039110887204730e-01
4.333336424118761e-07	9.299264150807460e+00	0.000000000000000e+00	-7.038821195070585e-01
4.335548813499276e-07	9.212885902550431e+00	0.000000000000000e+00	-7.037945983659624e-01
4.341027111012974e-07	8.996938953728094e+00	0.000000000000000e+00	-7.035758048341987e-01
4.346505408526671e-07	8.778723843859950e+00	0.000000000000000e+00	-7.033547424286999e-01
4.351983706040369e-07	8.558240572945955e+00	0.000000000000000e+00	-7.031314111494660e-01
4.357462003554067e-07	8.335489140986132e+00	0.000000000000000e+00	-7.029058109964970e-01
4.362940301067765e-07	8.110469547980479e+00	0.000000000000000e+00	-7.026779419697929e-01
4.368418598581462e-07	7.883181793929021e+00	0.000000000000000e+00	-7.024478040693539e-01
4.373896896095160e-07	7.653625878831710e+00	0.000000000000000e+00	-7.022153972951797e-01
4.381060823613063e-07	7.350309345499570e+00	0.000000000000000e+00	-7.019083516218613e-01
4.388224751130966e-07	7.044473931901213e+00	0.000000000000000e+00	-7.015987858253402e-01
4.395388678648869e-07	6.736119638036594e+00	0.000000000000000e+00	-7.012866999056161e-01
4.402552606166771e-07	6.425246463905758e+00	0.000000000000000e+00	-7.009720938626893e-01
4.409716533684674e-07	6.111854409508659e+00	0.000000000000000e+00	-7.006549676965597e-01
4.416880461202576e-07	5.795943474845345e+00	0.000000000000000e+00	-7.003353214072272e-01
4.424044388720479e-07	5.477513659915758e+00	0.000000000000000e+00	-7.000131549946920e-01
4.424778761061927e-07	5.444826402680493e+00	0.000000000000000e+00	-6.999800846292692e-01
